[array([[-10,   9,   1,  -2,  -1,   1,  -4,  -1,  -2,  -2,   0,  -6,   6,
          2,  -3,   2, -14,  -2,  -3, -19,  22,  -9,  -9,   5,  20,  -7,
         -1, -17,  12,   5,   0,   8, -14,   1,   2,   5, -11,   3,   5,
          2,  -1,  11,  -7,   5,  -8,   0,   2,   0,   1,  -3,  -4,  10,
        -18,  10,   0,  -5,   9, -15,   1,   3,  -4,  -6,   5,  -1,   0,
          1,  -2,  -1,   3,  -1,  -5,  -1,  -2,  -6,  -4,  -3,   0,   2,
         -7,   2,   0,  -1,   2,   0,  -3,   3,   2,  -4,   1,  -2,   0,
         -1,   0,  -2,   3,   9,  -3,  -5,  21,  -6,   2,  -6,  -7,   0,
          1,  -1,  -3,   2,  -6],
       [ -7,   3,   3,   0,  -5,   4,   0,  -2,  -1,  -4,  -3,  -1,  -8,
          1,   5,   3,  -6,  -4,   0,  -3,   3,  -3,   2,  -7,   5,  -2,
         -2,  -1,   1,   2,  -3,   3,  -2,   4,   0,   0,  -5,   1,   1,
         -4,  -1,   2,   1,   2,  -6,  -2,   2,  -3,   1,  -3,  -2,   1,
         -4,   1,   1,   1,  -3,  -4,  -1,  -3,  -4,   4,   2,  -2,  -6,
         -4,   4,   0,   2,  -1,   1,  -4,  -2,  -3,  -1,  -3,  -2,   3,
         -1,  -2,  -2,   0,  -3,  -2,  -6,   2,   2,  -6,   2,   0,  -2,
          1,  -2,   1,   3,  -2,  -3,  -1,   2,  -2,   3,  -4,   2,  -2,
         -2,   1,   0,   0,  -8],
       [ -7,   3,   0,  -2,  -2,   7,   0,   1,  -3,  -5,  -1,  -3,  -4,
          2,  -4,   9,  -4,  -6,  -4,  -4,   2,  -1,   1,  -5,   4,  -9,
         -2,  -3,   1,   4,  -1,   0,   2,   1,   0,  -1,  -4,   2,  -1,
         -2,   2,  -1,  -2,   1,  -6,   2,   1,  -5,   3,  -2,  -2,   1,
          1,  -5,  -3,  -3,   2,  -4,   3,  -2,  -7,   6,  -2,   9,  -3,
         -4,   4,  -2,  -1,  -1,  -2,  -6,   0,  -2,   6,  -4,  -4,   3,
         -2,  -4,  -2,   1,  -4,   1,  -7,   4,  -3,  -3,   4,  -8,  -2,
          0,   5,  -3,   1,   3,   0,  -3,  -3,   0,   7,  -3,  -3,  -3,
          2,  -3,   0,   2,  -8],
       [-12,  19,   2,  35, -13, -23,  20,  -8,   7,  -7,  -2,  -7, -37,
         44, -11,  31,  12, -24,  17, -25,  45, -47,  42, -16,  17,  -7,
        -15,   0, -13,   3, -13,   2,  28,   9,   6, -20,   4, -23, -15,
        -12, -11,  -1,   0,  11, -16,  57,  -5, -25,  35, -24,  -5,  15,
        -21,   0, -24,  -5, -10,  12,  57, -17, -24,   2,  -3,  19,  10,
        -25,  -7, -27,   5, -11,   2,  -4, -10,   0,  -1, -11,   8,  -4,
         -2,  27, -53,   4, -17,  56, -18, -20,   2,  -9,  28,  23,  -9,
        -50,  78, -14,   7,  10, -22,   3,  11,   5,  13,  -8, -29,  18,
         65,  -6, -16, -23, -33],
       [ -3,  -7, -30,   1,  26, -26,  32,  -6, -20,  12,  -8, -22,  30,
        -30,  -1,  11, -40,  28, -12, -47,  18,  -1,  44, -13, -25,  19,
          3,   5,  -4,  -7,  17,   1,  15,  -1,   5, -10, -30,  16,  -9,
        -18, -22,  32,  15, -40, -25,  10, -13,  11,  18, -11,   8, -49,
          3,  29,  -2, -10, -10,  12,  16,   2, -38,  -4,  -8,   6,  20,
          1,   3,  10,   1,  -2,  -7,  14,  -9,  40,   5, -22, -14,   3,
         10, -14, -28,  63, -15,   9,  -5, -19,   8, -31,  48,  -9,  -4,
        -47,  42,  -4,  16,  35, -28,   6,  28, -10,   9,  22, -17,  -8,
          1, -36,  35, -32, -38],
       [-32,  21, -11,   6,  11,  48, -20,  -7,   3, -18,  22,  16,   4,
         21, -17,  12,   2,   1,   4,  -9,   7, -28,  12, -13, -15,  -3,
         -6,  14,  14, -47,  -1, -36, -85,   3,   5,   0,  29,   0, -12,
         16,  13,   0,  18,  -3,  13, -21,  72,  -1,  62,   9,   0,   2,
        -11,  16, -34,   1,  -4,   5, -27,  -4,  26,   8,  10,  -8,  -9,
         21, -30,   5,  28,  16,  13, -20, -41, -15,  15,  -8, -12,  -4,
        -37,  19, -15, -41,  32,  23,  -8, -19,  -6,  -3,   0,   8, -12,
          2,   4,  -4,   2,  -5,   0,   2, -19, -66,  22,  -7,  11,  31,
          6,  -9,   6,  -1, -11],
       [-11, -10,  52, -15, -11,  38, -35,   8,   9, -16, -18,  17, -16,
        -70,  26,  18, -36,  -5,   0, -20,  27,   2,  37, -36,  39, -29,
         -2, -15,  -3,  18,  -2,  10, -48,  37, -29,  -6,  13, -13,  15,
        -21,  -2,   2, -21,  24,   9, -18, -37,  37,   7,   3, -13,  -1,
         -8,  12,  21,  11, -30,   4,   8,  -2,   6,   8, -16,  35,  -4,
         -6,  18, -41,   9,  22,  -8,  -8,  11, -34,   0, -12,  20,   8,
        -19,  19, -16,  12, -10,   7,  -6,   1,   5,  20, -47, -30,  44,
         -4,  16, -26, -13, -17, -29,  70, -14,  23,   0, -25,  18, -13,
         29,  -4,  -3, -19,  15],
       [-21,   5,  16,  23, -10, -12, -11,   5,  -3, -22,   6,  -7,  16,
        -25,   5,   2, -28,  22,   0,   2, -18,  16,  34, -20,  -8,  -1,
         -9, -12,   7,  16, -12,  13, -12,  13, -12,  -2,   3, -41,  64,
        -11,   8,   3, -30,  10,   6,   3, -17,   4,  -2,  -1, -10,   5,
        -18,  22, -27,  17,  -1,  -1, -11,  -4,   6, -36,  36,  17,   4,
        -15,  -6, -12,   3,   8,  -7,   1,  -4, -10,  17, -21,  28,   8,
        -50,  38, -19,  25, -20,  -7,  -3,  -5,  19, -13, -14,  26,  -4,
         -6,  -6,  -8,   6,   6,   4, -16,  19, -19,   4,   7, -30,  24,
          7,  -5,  -1,  -6,   2]]), array([[-10,   9,   1, ...,   1, -15,  27],
       [ -7,   3,   3, ...,  -3,  -7,   4],
       [ -7,   3,   0, ...,  -3,  -3,   3],
       ...,
       [-32,  21, -11, ...,  -5, -27, -13],
       [-11, -10,  52, ...,  -8,  28, -48],
       [-21,   5,  16, ...,   5,   5,  -7]]), array([[-10,   9,   1, ...,   1,  -5,  -4],
       [ -7,   3,   3, ...,  -1,   1,  -2],
       [ -7,   3,   0, ...,   1,  -3,   1],
       ...,
       [-32,  21, -11, ...,  -4,   4,  -8],
       [-11, -10,  52, ...,  12, -21, -19],
       [-21,   5,  16, ...,  -5,  -7,  -7]]), array([[  6,   2,  -3, ...,  -4,   1,   2],
       [ -8,   1,   5, ...,  -4,   2,   3],
       [ -4,   2,  -4, ...,  -9,   5,   7],
       ...,
       [  4,  21, -17, ..., -17,   1, -17],
       [-16, -70,  26, ...,  -7,  16, -19],
       [ 16, -25,   5, ...,  -3,   6,  -5]]), array([[ -3,   2,  -6, ...,  19, -20,  32],
       [  0,   0,  -8, ...,  -1,  -1,   0],
       [  0,   2,  -8, ...,  -2,  -3,  -1],
       ...,
       [  6,  -1, -11, ..., -35,   2, -37],
       [ -3, -19,  15, ...,  44,  -9,  31],
       [ -1,  -6,   2, ...,  13, -38,  46]]), array([[  1,  -3, -12, ...,   0,  -2,   1],
       [ -3,   0,  -1, ...,  -2,   0,  -1],
       [  2,  -5,  -2, ...,   8,  -2,   2],
       ...,
       [ -9,  -9,  15, ...,  11, -19,  28],
       [-18,  12,   3, ..., -22,  -3,  11],
       [  5,  -9, -13, ..., -10,   1,  -2]]), array([[-11, -11,   8, ...,   1,  -6,  -1],
       [ -4,  -5,   3, ...,  -1,  -4,  -1],
       [ -4,  -1,   1, ...,   1,  -4,  -3],
       ...,
       [  4, -33,  -9, ..., -77, -10,  10],
       [  7,  -2,  -2, ..., -16,   3,  -4],
       [  4,  -3,   2, ...,  -3,  -2,  -2]]), array([[  5,  -3,   2, ...,  -7,   4,  -6],
       [  1,   1,  -2, ...,  -2,  -1,   0],
       [  4,  -1,   1, ...,  -2,  -3,   0],
       ...,
       [ 20, -58,  25, ...,  -3, -15,  -1],
       [  5,  -1, -15, ...,   2,  -7,  -8],
       [ -5,  17,  -6, ...,  -8,  -5,   1]]), array([[  3,  -6,   1, ...,  14,   4,  -2],
       [ -1,   6,  -4, ...,  -3,   0,   0],
       [ -4,  -4,   0, ...,  -3,   0,   0],
       ...,
       [ 19, -35,   5, ...,  -7,  -1, -26],
       [-16,   4,  -8, ..., -11,  19, -15],
       [  3,  -1,   6, ..., -11,   0, -13]]), array([[ -2,  -2,   3, ..., -10,   3,   0],
       [  0,   0,   2, ...,   0,  -1,  -1],
       [  2,  -1,   6, ...,   2,  -2,  -1],
       ...,
       [-23,  13,  16, ...,  -1, -25,  -5],
       [ 15,  18, -34, ...,  -7,   8,  -2],
       [ -1,   3,  -7, ...,   0,   0,  -2]]), array([[ -4,  -2,   3, ...,   7,  -3,  -3],
       [  1,  -5,   9, ...,  -4,  -5,  -1],
       [ -5,  -8,   9, ...,  -7,  -5,  -5],
       ...,
       [  1, -17, -47, ...,  -8,  44,  -4],
       [ -1, -15,  12, ...,   3, -11, -57],
       [ -1,  -6,   2, ...,  -3,  -3,  -6]]), array([[ -5,  -2,   0, ...,  16, -16, -62],
       [ -2,  -3,  -2, ...,  -2,  -5,  -5],
       [ -3,  -1,  -5, ...,   1,  -2,  -6],
       ...,
       [-20,  -4, -23, ...,  -2,  15,  -7],
       [ -1, -20,  12, ..., -13,  43, -26],
       [ -4,   0,  -5, ..., -61, -97, -84]]), array([[  1,  -3,   2, ...,  -1,   2,  -5],
       [  2,  -3,   0, ...,   3,   1,  -6],
       [  0,  -4,   1, ...,  -4,   1,  -4],
       ...,
       [ -4,  24,   3, ...,  -9,   0,  -4],
       [  1,  12,  -9, ...,  -8,   2,  -9],
       [  4,  -4,  -3, ...,  -1, -14,   2]]), array([[ -2,  -1,  -2, ...,  12,  -3,   3],
       [ -5,   1,  -1, ...,   1,  -5,   0],
       [ -5,   1,   2, ...,  -7,   5,   0],
       ...,
       [ 32, -46,  10, ...,  -5,  -5,  10],
       [  4,  -6,  -8, ...,   2,  -2,   4],
       [ -1,   1,  -7, ...,   1,  -4,   5]]), array([[ -6,   2,   6, ...,  -2,   5,  -4],
       [ -2,  -5,   1, ...,  -2,   2,  -5],
       [ -2,  -3,  -3, ...,  -4,  -3,  -1],
       ...,
       [ 10, -34,  35, ...,   0,   0,  -4],
       [  3,   5, -13, ...,   0,  -5,  -1],
       [  9, -13,  -2, ...,  -3,   2,   0]]), array([[-17,   2,  -5, ...,  -1,   0,  -3],
       [ -6,   8,  -5, ...,  24,  -8, -30],
       [ -1,   7,  -5, ...,  -1,  -5,  -7],
       ...,
       [ 34,  19,   0, ...,  -1,   6,  -6],
       [-23,  34, -27, ...,  -4,  -6,  -3],
       [-25,  29, -14, ...,  -2,   0,  -4]]), array([[ -4,  -1,   1, ...,  -1,   0,   0],
       [ -3,  -1,  -1, ...,  -1,   0,  -1],
       [ -3,   1,  -3, ...,  -2,  -2,  -3],
       ...,
       [ -5,   0,   4, ...,  -3,  -1,   2],
       [ 43, -21,   8, ...,  -1,   0,  -3],
       [  5, -11,   9, ...,   0,   0,  -2]]), array([[  8,  -5,  -2, ...,  -1,  -1,   1],
       [  4,  -3, -11, ...,   0,  -3,  -1],
       [  5,   2, -16, ...,  -1,  -2,  -1],
       ...,
       [ 10,  -4, -27, ...,   0,  -2,   0],
       [ 27,  -9, -22, ...,  -1,  -1,  -2],
       [ 19, -18, -28, ...,   0,   3,  -7]]), array([[ -5,  -9,   1, ...,   1,  -3,  -3],
       [ -6, -13, -18, ...,   1,  -1,  -1],
       [ -2, -10,  -4, ...,   3,  -1,  -6],
       ...,
       [-43, -26, -11, ...,  -2,  -2,  -1],
       [-27, -42,   5, ...,  -2,   2,   0],
       [-19, -11,   4, ...,  -1,   0,  -3]]), array([[-14,   1,   0, ...,   0,  -2,   4],
       [-12,  -3,   5, ...,   1,  -4,   2],
       [ -8,  -6,   5, ...,  -3,  18, -10],
       ...,
       [-10,  -3,  -3, ...,   0,  -3,   1],
       [ -1,  -2, -11, ...,   2,  -3,  -1],
       [ -1,   1,  -5, ...,  -2,  -1,   1]]), array([[ -3,  -1,   2, ...,   2,   5,  -3],
       [ -5,   1,   3, ...,  20,  17,   6],
       [ -2,   4, -22, ...,  -2,   2, -11],
       ...,
       [  0,   2,  -3, ...,  13,   0, -16],
       [ -1,   7, -12, ...,   4, -10,  11],
       [  0,  -1,   3, ...,   3,  -4,   1]]), array([[  4,  -1,  -2, ...,   0,   1,  -5],
       [  0,  -2,   1, ...,  -4,   6,  -8],
       [ -1,  -4,   6, ...,   4,   8, -12],
       ...,
       [ -5,  11,   0, ..., -22, -14,  12],
       [-12,   1,   6, ..., -13,   0, -27],
       [ -1,  -1,  -2, ...,  -2,   2,  -6]]), array([[-2,  1, -3, ..., -1,  5, -3],
       [ 0, -2, -1, ..., -4,  4, -1],
       [ 1, -2,  2, ...,  0, -2,  3],
       ...,
       [-5,  3,  2, ...,  2, 12, -5],
       [-1, -1,  0, ..., -7, -4, 18],
       [-3,  1,  0, ...,  3,  0, -3]]), array([[ -2,  -1,  -1, ...,   9,  -6, -10],
       [ -1,   0,  -1, ...,   0,   0,  -9],
       [ -3,   0,  -2, ...,  -1,  -3,   3],
       ...,
       [  0,  -2,   0, ..., -64,  16,  14],
       [  2,   2,  -1, ...,   0,  21, -49],
       [  0,   4,  -7, ...,   4,   3, -22]]), array([[  0,  -1,  -1, ...,  -8,   0,  -2],
       [  0,   0,   0, ...,   8,  -3,   1],
       [  0,   1,  -2, ...,   5,  -3,   2],
       ...,
       [ -1,  -3,   0, ...,  37,  -8,   9],
       [ -2,  -1,   1, ...,  65,  16, -36],
       [  1,   2,   0, ...,  -1,   0,  -9]]), array([[  0,   0,   1, ...,   5,  -6,   3],
       [-14,   2,   6, ...,  -1,  -2,   2],
       [ -8, -19,  28, ...,  -1,  -3,   0],
       ...,
       [  8,   0,  -3, ...,  -7,  -6,  -9],
       [  5,  -1,  -1, ...,   2,  -2,  -4],
       [ -1,  -2,   1, ...,   0, -10,   0]]), array([[ -1,   0,   0, ...,  -6,  -2,   4],
       [  3,   2,  -3, ...,   6,  -3,   0],
       [ 16,   1,  -6, ...,   2,  -4,   6],
       ...,
       [  3,   3,  -9, ...,  14,   3,  -4],
       [-12, -11,  21, ...,   8,  -6,  13],
       [-18,  -2,   1, ...,  -6,  -5,  -1]]), array([[ -3,   7,  -4, ...,   4,  -2,  -9],
       [ 16,   0,  -7, ...,  -5,  -2,  -2],
       [ -1,   5,  -2, ...,  -4,   0,   0],
       ...,
       [ -5,  10, -20, ..., -12,  14, -15],
       [ -1,   0,   4, ...,  26,   6,  -3],
       [ -1,   3,   1, ...,  -3,   1,   2]]), array([[ -6,  -3,   1, ...,   8,  -3,   2],
       [ -5,  -2,   5, ...,  11,  -9,   2],
       [ -5,  -2,   7, ...,   5,  -4,   1],
       ...,
       [ -1,  53,  30, ...,  88, -56,   0],
       [ -6,   1,  11, ...,   6, -24, -36],
       [ -3,  -3,   3, ...,   4, -11,   5]]), array([[ -1,  -2,  -8, ...,   5,  -1,  -7],
       [ -5,  -1, -13, ...,  -1,   1,  -2],
       [ -1,  -4,  -2, ...,  -1,  -3,  -8],
       ...,
       [ 11,  -2, -14, ...,  13,  20, -10],
       [  0,   3, -13, ..., -11,  11,   8],
       [ -1,  -3,  -8, ...,  -6,   4,   3]]), array([[ -3,   8,  -1, ...,  -1,   5,   0],
       [ -7,  -2,   3, ...,  -3,   5,  -8],
       [ -1,   3,  -1, ...,  -5,   0,  -5],
       ...,
       [ 11, -25,  18, ...,  21,   4,  21],
       [-32,  23,  -2, ..., -11,  27,  -9],
       [ -5,  -1,   1, ...,  -8,   9,   1]]), array([[ 13,  -5,  -8, ...,   0,  -3,  -7],
       [  0,  -1,  -5, ...,  -1,   1,  -1],
       [ -4,   4,   1, ...,  -2,  -3,  -3],
       ...,
       [ -2,  10,  -3, ...,   0,   2, -33],
       [-22,   7, -16, ..., -19,  12,  -9],
       [  1,  -2, -14, ...,  11,  -1,  -7]]), array([[ 13,  -6,   4, ...,   2,   3,  -6],
       [  0,   0,  -2, ...,   4,   1,   1],
       [  2,   1,   1, ...,   9,   3,  -2],
       ...,
       [-13, -23,  16, ...,   9,  15,  -7],
       [ 57, -34,  56, ...,  -6,  20,  -8],
       [ -4,  35, -14, ...,  -4,  12, -17]]), array([[  0,   5,  -5, ...,  -1,   3,   1],
       [  2,  -1,  -3, ...,   1,  -1,   0],
       [  0,  -1,  -5, ...,   3,  -2,  -2],
       ...,
       [ -9,  10,  -4, ...,  -4, -14,  -6],
       [ 11,   3,  -2, ..., -12, -23,  20],
       [ -3,  -2, -17, ...,  -8, -32,  71]]), array([[ -2,  -4,   1, ...,   3,  -4,   1],
       [ -7,  -2,   3, ...,  -2,  -4,  -4],
       [ -5,   1,   0, ...,   0,  -1,  -6],
       ...,
       [ -3,  15,  10, ..., -23,  10,   6],
       [ -9,  -9,  -8, ...,  -8,  -5,  -2],
       [ -4,  -6,  -2, ...,  -8,   0,   2]]), array([[-10,   0,   0, ...,   0,   0,   1],
       [ -7,  -4,   8, ...,  -4,   0,   1],
       [ -1,   2,   8, ...,  -4,  -2,   1],
       ...,
       [-21, -96,  39, ...,  62, -10,   5],
       [-14,  -9,  -2, ...,  -3,   6,   4],
       [ -8,  -3,   4, ...,  -4, -22,   7]]), array([[  0,   0,  -1, ...,   2,  -3,  -1],
       [  0,  -6,   0, ...,  -1,  -2,  -1],
       [ -1,   5,   0, ...,  -2,  -2,  -2],
       ...,
       [ -1,  -1,  -5, ...,  -3,   7,  -7],
       [ -4,  -6,   3, ...,  -6,  -5, -23],
       [ -4,   0,   0, ...,  -5,  -2, -20]]), array([[-2, -8, -1, ...,  2,  0, -3],
       [ 2, -4,  1, ...,  5, -2, -4],
       [ 1, -4,  0, ...,  2, -4, -1],
       ...,
       [45,  8,  2, ...,  0, -5,  1],
       [-3,  9, 15, ..., -1, -2, -2],
       [ 6, -8,  5, ...,  1, -1, -1]]), array([[ -4,   1,  -2, ...,  -1,   0,   2],
       [ -2,   2,  -3, ...,   1,  -2,   1],
       [ -2,   4,  -2, ...,   1,   0,   2],
       ...,
       [ -1,  14,   0, ...,   3,   2,   0],
       [-17, -17,  42, ...,   7,   1,   0],
       [ -9,   0,   1, ...,  -2,  -1,   0]]), array([[ -8,  -3,   1, ...,   3,  -4,  -4],
       [ -6,  -6,   5, ...,  -2,  -1,  -3],
       [ -4, -10,   9, ...,   3,  -1,  -7],
       ...,
       [ -2, -16,  18, ...,   3,   1, -10],
       [  4,   4,  10, ...,   3,  -8,   4],
       [  0,  -6,  14, ...,   2,  -2,  -4]]), array([[  1,  -4,  -4, ...,  -2,   5,  -3],
       [ -1,  -4,   1, ...,   1,  -1,   1],
       [ -2,  -2,   4, ...,   6,  -2,   0],
       ...,
       [-33,  -6, -13, ...,   7,  -4,   1],
       [-25, -31,  21, ...,  -3,   5,  -4],
       [-13, -10,   6, ...,   1,  -1,  -2]]), array([[ -1,   2,  -7, ...,  -2,   0,   0],
       [ -3,  -2,   2, ...,   3,  -2,  -2],
       [ -2,  -4,  -2, ...,   0,   1,  -2],
       ...,
       [-22, -31,  -3, ...,  -2,   2,  -2],
       [-11,   3,   4, ...,  -1,   0,  -4],
       [-15,   1,   4, ...,  -1,  -2,  -2]]), array([[  1,   1,  -1, ...,   1,  -1,   1],
       [ -3,   1,  -4, ...,   1,  -2,  -2],
       [ -3,  -2,  -4, ...,   4,  -1,  -1],
       ...,
       [ 14,   4, -25, ...,   5,   0,  -2],
       [ -3,  20, -27, ...,   1,   0,  -1],
       [  1,   8, -41, ...,   1,  -1,  -1]]), array([[  5,   2,  -6, ...,   0,   2,   0],
       [  1,   0,  -1, ...,  -1,  -1,   1],
       [  4,   2,  -1, ...,  -1,   1,  -1],
       ...,
       [ 16,  -5,  -1, ...,   0,   1,  -1],
       [ -7, -15,  -5, ...,   0,   0,   0],
       [ 10, -14,  -3, ...,  -2,  -2,  -1]]), array([[ -3,  -2,  -5, ...,   0,  -1,  -7],
       [ -2,   1,  -2, ...,  -1,   2,  -1],
       [ -2,  -1,  -4, ...,   2,   2,  -3],
       ...,
       [-12,  11,  -8, ...,   8,  -1, -11],
       [-12,  -8, -15, ...,  -2,  -1,  -1],
       [ -2,   6, -16, ...,   0,  -1,  -2]]), array([[-3,  3, -2, ..., -4,  0,  2],
       [-2, -1, -4, ..., -1, -1, -1],
       [-3,  3, -2, ..., -2, -1,  0],
       ...,
       [-4,  8,  0, ...,  1,  4,  0],
       [-3,  3,  0, ..., -2, -2, -1],
       [-4,  1,  0, ...,  0,  2,  1]]), array([[ 2,  0,  0, ..., -1, -2,  0],
       [-2, -1,  0, ...,  0,  0,  0],
       [-1,  0, -4, ..., -1, -2,  0],
       ...,
       [-3, -1, -1, ..., -7,  9, -8],
       [-1, -1, -2, ...,  0, -2, -2],
       [-2,  0,  2, ...,  1, -2, -1]]), array([[ 0, -3, -1, ..., -1,  2,  1],
       [-2, -2, -2, ...,  0, -2,  2],
       [ 2, -5,  0, ..., -2, -1, -2],
       ...,
       [ 5, -5, -2, ..., -7,  1,  2],
       [11,  3,  5, ..., -2, -1,  3],
       [-4,  1, -1, ..., -2, -2,  0]]), array([[ 0,  0, -2, ..., -2, -2,  1],
       [-1,  2, -1, ..., -2,  1,  0],
       [-2,  0, -2, ..., -1,  0,  0],
       ...,
       [-1,  0, -2, ..., -4,  0,  1],
       [-2,  1, -1, ..., -6,  0, -6],
       [-1,  2, -3, ..., -3,  0,  2]]), array([[ 4, -4,  0, ..., -1, -2, -2],
       [ 0, -1,  0, ..., -2, -2, -1],
       [-3, -1,  0, ..., -2,  2, -3],
       ...,
       [ 1, -2,  2, ...,  2, 13,  0],
       [-1, -2,  0, ...,  3,  1, -1],
       [-1,  0, -1, ..., -1,  1, -1]]), array([[-1,  0,  1, ..., -2, -2,  1],
       [ 1,  1, -1, ..., -1,  0,  0],
       [-2,  0,  2, ..., -2,  1,  3],
       ...,
       [-1,  1,  3, ..., -1,  2, -2],
       [-1,  3,  0, ...,  0,  2, -1],
       [ 0,  0, -2, ..., -2,  0,  0]]), array([[ -1,   2,  -2, ...,  -4,  -1,  -2],
       [ -1,  -1,  -2, ...,  -3,  -3,   0],
       [ -3,  -1,  -4, ...,  -2,  -3,  -1],
       ...,
       [ -6,   0,  -3, ..., -13,   0,  -3],
       [ -3,   0,  -2, ...,  -1,  -2,   0],
       [  0,   1,  -2, ...,  -1,  -1,  -2]]), array([[ 2, -2, -3, ...,  0,  0, -3],
       [ 0, -1, -1, ..., -3,  1, -1],
       [ 1, -2, -2, ..., -1, -1, -1],
       ...,
       [ 1,  6, -6, ..., -2, -3, -8],
       [-4,  3, -3, ..., -3,  5, -2],
       [ 2,  1, -2, ..., -1, -4,  0]]), array([[ 0, -3,  1, ...,  0,  0,  0],
       [-2,  0,  0, ...,  1, -1, -2],
       [-2, -1, -2, ..., -2, -1, -1],
       ...,
       [ 5,  1, -6, ...,  1,  1,  0],
       [ 0,  1, -1, ..., -8,  4,  2],
       [-1,  0, -2, ...,  0, -1, -4]]), array([[-3,  1, -2, ...,  0,  0, -1],
       [-4, -3, -3, ..., -1,  1, -1],
       [-1,  0, -2, ..., -2,  0, -2],
       ...,
       [ 7,  1,  0, ..., -3,  0, -5],
       [ 0, -2, -1, ...,  1, -4, -2],
       [ 0,  0, -2, ...,  5, -8, -3]]), array([[ 1,  0, -2, ..., -1,  1,  0],
       [-1, -2, -1, ..., -3,  2,  0],
       [-2,  2, -1, ..., -1,  1, -1],
       ...,
       [-1,  9,  2, ..., -1,  5, -5],
       [-1, -1, -2, ..., -3, -1, -1],
       [ 0,  2, -3, ...,  1, -2,  0]]), array([[ -2,  -1,   1, ...,   1,   1,  -2],
       [  0,  -2,  -1, ...,  -1,  -1,  -3],
       [  2,  -4,  -2, ...,  -1,   0,  -5],
       ...,
       [ 13,  -5,  -1, ..., -14,   6,  -2],
       [  1,  -1,   0, ...,  -1,   0,  -2],
       [  0,  -2,   2, ...,   0,  -2,  -2]]), array([[ -3,   0,   0, ...,   2,  -2,  -3],
       [ -1,   0,  -3, ...,   0,   0,   0],
       [  0,   0,  -2, ...,   0,   1,   1],
       ...,
       [ -9,  12, -22, ...,   5,  -4, -11],
       [ -3,   6, -10, ...,   0,  -6,  -6],
       [ -3,   1,  -2, ...,  -1,  -1,  -2]]), array([[-1,  1, -1, ...,  1,  2, -4],
       [ 2,  0,  1, ...,  0,  0, -1],
       [ 1,  0, -1, ...,  0,  0, -1],
       ...,
       [ 6, -3, -4, ...,  2,  0, -4],
       [ 2,  0,  0, ...,  1,  1, -5],
       [-3,  1, -1, ..., -2,  0, -1]]), array([[ -1,  -1,  -1, ...,  -1,   1,   1],
       [ -1,  -2,  -1, ...,   0,  -1,  -1],
       [ -1,  -4,   1, ...,  -1,  -1,  -3],
       ...,
       [ -4,  14, -13, ...,   5,  -3,   1],
       [ -2,   2,  -4, ...,  -2,  -1,   0],
       [  1,   0,  -2, ...,  -2,   0,   0]]), array([[ -2,  -3,  -1, ...,   0,  -1,   0],
       [ -4,  -1,  -3, ...,   0,  -1,   1],
       [ -3,   0,   1, ...,   0,   0,   0],
       ...,
       [  2,  -1,  -5, ..., -12,   8,  -5],
       [  2,  -5,  -4, ...,  -4,  -2,  -2],
       [  6,  -2,   0, ...,  -2,  -1,  -2]]), array([[  0,   0,   0, ...,  -3,  -1,  -3],
       [  0,  -2,   0, ...,  -2,   0,  -2],
       [ -2,  -2,  -1, ...,  -1,  -1,  -1],
       ...,
       [ -7,   0,  -7, ...,  -4,   1,  -2],
       [-12,  20,  -4, ...,   0,  -1,   3],
       [ -1,   1,   1, ...,   0,   0,  -2]]), array([[ -2,   1,  -1, ...,   0,   0,   0],
       [  0,  -1,  -1, ...,   1,   0,  -1],
       [  1,  -1,   0, ...,  -1,  -4,  -1],
       ...,
       [  2,   1,  -5, ...,  -2,  10, -12],
       [  3,  -2,  -4, ...,  -3,   3,  -1],
       [ -2,   0,   0, ...,   0,  -1,  -3]]), array([[-2, -1, -1, ...,  1, -2,  0],
       [-1, -1, -2, ...,  0, -4, -1],
       [-1, -2, -1, ..., -2, -4,  1],
       ...,
       [-3,  0, -8, ..., -3,  4, -3],
       [ 4, -3, -4, ..., -3,  2, -1],
       [ 0, -2, -2, ..., -1,  0, -1]]), array([[-1, -1, -1, ...,  0, -1,  1],
       [ 0,  0, -2, ..., -1, -1, -2],
       [ 1, -3, -2, ..., -2, -1, -2],
       ...,
       [-5,  0, 12, ..., -8,  1,  7],
       [-6,  1,  3, ..., -3,  0,  1],
       [-3, -3, -1, ...,  0,  0, -1]]), array([[-2, -1, -1, ...,  0, -1,  0],
       [-2, -2, -2, ...,  0,  0,  0],
       [ 0, -2, -2, ...,  0, -3,  0],
       ...,
       [-1, -4,  0, ...,  0, -2, 10],
       [-3, -3, -4, ..., -1,  0,  2],
       [-1, -4,  0, ...,  0, -1, -1]]), array([[ 1, -1, -1, ...,  0,  1, -1],
       [ 0, -1,  0, ..., -1,  0,  0],
       [-2,  0, -1, ..., -1,  0, -1],
       ...,
       [-8,  4, -3, ...,  3, -5,  0],
       [-3,  3, -4, ..., -1, -1, -1],
       [-1,  2, -1, ...,  0, -2, -2]]), array([[ 0,  2,  1, ...,  0, -5,  0],
       [-1, -2, -1, ..., -2,  0,  0],
       [-2, -1, -2, ...,  1,  0, -1],
       ...,
       [-3,  1,  0, ..., -6, -2, 11],
       [ 2,  1, -2, ...,  1,  1,  0],
       [-2, -2,  0, ..., -1,  0,  0]]), array([[  0,  -3,  -2, ...,  -2,   1,  -1],
       [ -2,  -1,   0, ...,   0,   1,  -2],
       [  0,  -3,  -2, ...,   1,   1,  -3],
       ...,
       [ -2,  13,  -6, ...,   1,   0, -16],
       [  1,  -2,   1, ...,  -2,  -2,  -4],
       [ -1,  -2,  -1, ...,  -1,  -2,  -1]]), array([[  0,   0,  -1, ...,   0,  -2,   1],
       [ -2,   1,  -3, ...,   1,  -1,  -1],
       [ -2,  -3,  -4, ...,   0,   0,   1],
       ...,
       [-14,   6,   7, ...,  -8,  -1,  -6],
       [ -3,  -1,   1, ...,  -2,   1,  -1],
       [ -1,  -1,   2, ...,  -1,  -2,  -1]]), array([[  0,   1,  -3, ...,  -1,  -1,  -1],
       [  0,   2,  -1, ...,  -1,   1,   2],
       [ -2,   2,  -4, ...,   0,   1,  -1],
       ...,
       [  1,  -7,   8, ..., -15,   0,   1],
       [  0,  -2,   2, ...,  -1,  -2,   0],
       [ -1,  -1,  -2, ...,   0,   0,   1]]), array([[-2,  0, -2, ..., -1,  0,  0],
       [ 2,  0, -3, ...,  0, -2, -1],
       [ 1,  2, -2, ..., -1,  1,  0],
       ...,
       [-4, -4, -7, ..., 14, -5, -3],
       [ 2,  0, -1, ...,  1, -4, -3],
       [ 0, -2, -1, ...,  0, -1, -1]]), array([[-1, -1,  2, ...,  0, -3,  0],
       [-2, -1,  0, ...,  0,  1,  2],
       [-2,  2, -2, ...,  0, -3,  0],
       ...,
       [ 4, -8,  0, ..., -4,  5,  3],
       [ 2, -3,  0, ..., -5,  2, -2],
       [-1, -1, -1, ..., -2, -1,  0]]), array([[-1,  1, -2, ...,  0, -2, -1],
       [-2,  0, -1, ..., -1, -2, -2],
       [-2,  1,  0, ..., -1,  1, -4],
       ...,
       [ 2,  5,  3, ..., -1, -2,  2],
       [-1, -3,  0, ..., -1, -3,  1],
       [ 0, -1,  0, ...,  0, -2,  0]]), array([[-1, -1,  0, ..., -2, -1,  0],
       [-1,  0,  1, ...,  0,  0,  0],
       [-1,  0, -1, ...,  0,  0,  1],
       ...,
       [-2, -4, -4, ..., -3,  6, -9],
       [-1, -1,  0, ..., -3,  0, -4],
       [-1, -1, -3, ..., -1,  1,  0]]), array([[-1,  0, -3, ..., -4,  2, -1],
       [-2, -4,  0, ..., -2, -1, -2],
       [ 1, -2,  0, ..., -2, -1,  1],
       ...,
       [-4,  3, -6, ..., -4,  9, -2],
       [-4,  2, -1, ...,  1,  2, -1],
       [-1, -1,  0, ...,  1,  0, -2]]), array([[-1,  0, -3, ..., -1,  0, -2],
       [-1,  1, -3, ..., -1, -1, -2],
       [-1, -2, -2, ..., -2, -2,  0],
       ...,
       [ 5,  2,  2, ..., -7,  3, -4],
       [-2,  0, -1, ...,  1,  0, -2],
       [-1, -1, -2, ...,  1,  1, -1]]), array([[-1,  0,  0, ..., -1,  0, -1],
       [-1, -1, -3, ...,  0, -4,  0],
       [-2, -1,  0, ..., -1, -1, -1],
       ...,
       [ 9,  0, -3, ...,  2, -1,  2],
       [-1,  1,  0, ..., -4, -1,  1],
       [ 0, -1,  0, ...,  0, -1, -2]]), array([[-2, -1,  0, ...,  1, -1, -2],
       [-2,  0, -2, ...,  0, -1, -2],
       [ 2, -1,  1, ..., -4, -2, -1],
       ...,
       [-7, 14, -5, ..., -4,  4,  4],
       [ 1,  1, -4, ...,  0,  0,  0],
       [-1,  0, -1, ...,  1,  0, -1]]), array([[-1,  0,  0, ..., -1,  0, -1],
       [-1, -2, -1, ..., -2, -1, -3],
       [-3,  0,  0, ..., -1,  0, -1],
       ...,
       [ 3, -1,  5, ..., -4, -4,  9],
       [ 1, -2, -1, ..., -2, -1,  0],
       [ 1, -1,  0, ...,  0, -1,  0]]), array([[ -2,  -2,   0, ...,   2,  -1,  -2],
       [ -1,   0,  -2, ...,  -1,   0,   0],
       [ -1,  -3,   1, ...,  -2,  -1,  -1],
       ...,
       [-20,  -2,  -2, ...,  -6,  10,  -1],
       [ -2,   0,   1, ...,  -2,   1,   0],
       [ -1,   0,  -1, ...,   0,   0,   0]]), array([[ -1,  -2,   0, ...,  -2,   0,  -3],
       [ -1,   2,  -1, ...,  -4,   0,  -2],
       [ -1,   0,   2, ...,  -1,   1,  -3],
       ...,
       [  3,  -2,  -4, ...,   2, -13,  -1],
       [  0,  -2,  -2, ...,   1,  -1,  -2],
       [ -1,   0,  -1, ...,   0,   1,  -2]]), array([[-2,  0, -1, ...,  1,  0, -3],
       [-2, -1,  0, ..., -2, -2, -3],
       [-2, -3, -1, ...,  0,  0, -1],
       ...,
       [ 6,  6,  5, ..., -3, -3,  3],
       [ 0,  1, -1, ...,  1, -4,  1],
       [ 0, -1, -1, ..., -1, -1, -1]]), array([[-2, -1,  1, ...,  0, -1, -3],
       [ 0,  0, -4, ...,  0,  0, -2],
       [ 0, -1, -3, ...,  1,  0, -1],
       ...,
       [ 3,  1, -6, ..., -5,  2,  2],
       [-1, -3,  1, ...,  0, -1, -1],
       [ 0, -1,  1, ..., -1,  1,  1]]), array([[  1,   0,   1, ...,  -3,  -2,   0],
       [  0,  -3,  -1, ...,  -1,   1,   0],
       [  0,  -2,   0, ...,  -3,  -3,  -1],
       ...,
       [ -5, -13,   3, ...,   1,   1,   7],
       [ -1,  -2,  -1, ...,  -1,  -1,   1],
       [ -1,  -2,   1, ...,  -3,   0,  -1]]), array([[-2,  0, -1, ...,  0, -1, -2],
       [-1,  1, -1, ...,  1, -2,  1],
       [-2,  0, -1, ...,  0, -1, -2],
       ...,
       [ 2,  0,  1, ..., -4, -5,  1],
       [-1,  1,  0, ..., -2, -1, -1],
       [ 1,  0, -4, ..., -3, -1, -1]]), array([[-3,  0,  2, ...,  0,  0, -2],
       [ 0, -2,  1, ..., -2, -3,  0],
       [ 1, -2,  0, ..., -1, -1, -1],
       ...,
       [-3,  8, -6, ..., -4,  3, -5],
       [-2,  2, -4, ...,  0,  0, -2],
       [-2,  0, -1, ...,  1,  0, -1]]), array([[-1, -3,  0, ..., -1,  0, -2],
       [-2, -1, -1, ...,  0,  2, -1],
       [-3, -1, -2, ...,  1,  0, -2],
       ...,
       [ 5,  2,  5, ..., -9,  3, -3],
       [ 1,  1,  0, ..., -1, -3, -2],
       [-1, -3, -1, ...,  0,  0, -1]]), array([[ 1, -3, -1, ..., -1,  2, -4],
       [ 2, -2, -1, ..., -2,  3, -3],
       [ 1, -2,  2, ..., -2,  3, -5],
       ...,
       [-4,  7,  3, ..., -4, -2, 17],
       [-3,  1,  0, ..., -2, -3,  5],
       [-1, -4,  0, ..., -3, -3,  1]]), array([[-2, -1, -1, ..., -1, -2, -2],
       [ 0, -4, -1, ..., -1,  0, -1],
       [-1, -4,  1, ...,  1, -1, -1],
       ...,
       [-1,  3, -6, ..., -6,  3, -4],
       [-2,  2, -3, ..., -2, -1,  0],
       [ 0,  1, -1, ...,  1, -3, -1]]), array([[-2, -1,  1, ...,  0, -1,  2],
       [ 1,  0, -1, ...,  1, -1,  0],
       [-1, -1,  0, ..., -2, -2,  0],
       ...,
       [-1,  3, -4, ..., -2, -4,  0],
       [-3, -1, -2, ..., -1, -2,  1],
       [-2, -1, -2, ..., -1, -1, -1]]), array([[ 1, -1,  1, ...,  0, -1, -2],
       [ 0, -3,  2, ..., -2, -3,  0],
       [ 1, -4,  0, ..., -2, -3, -2],
       ...,
       [-1, -2,  1, ...,  1,  4, -1],
       [-2,  1, -1, ...,  1, -1,  0],
       [-2,  0, -1, ...,  1,  1,  0]]), array([[-2, -3, -2, ..., -4,  2, -2],
       [ 0,  0, -1, ..., -3,  2, -2],
       [-1,  0, -1, ..., -1,  2, -2],
       ...,
       [ 0, -5,  4, ...,  2,  8,  1],
       [ 1, -1, -2, ...,  1, -2,  0],
       [-1, -4, -1, ...,  0, -1,  0]]), array([[-3, -1,  0, ...,  1,  0,  0],
       [-2,  1, -2, ...,  0,  1,  0],
       [-2,  1, -2, ...,  0,  1, -3],
       ...,
       [ 1, -6,  5, ..., -1,  1,  1],
       [ 1, -2,  1, ..., -1,  0,  0],
       [-1, -1,  0, ...,  0, -3,  0]]), array([[-1, -3,  0, ...,  1, -1, -1],
       [ 0, -3, -1, ...,  0,  0, -4],
       [-1, -2, -1, ...,  1, -1, -3],
       ...,
       [-3, 14, -4, ..., -8, -3,  2],
       [ 0,  3, -1, ..., -3, -2,  0],
       [-2, -1,  0, ..., -1, -2,  0]]), array([[ 0, -1, -1, ..., -1,  0, -1],
       [ 0,  0,  1, ..., -2,  0,  0],
       [-1, -1, -2, ..., -2, -1,  1],
       ...,
       [-3,  3,  7, ..., -1,  0, -2],
       [-1,  0,  3, ...,  2, -1,  1],
       [ 0, -2,  0, ..., -1,  0, -1]]), array([[ -1,   0,  -1, ...,  -1,   1,   0],
       [ -3,   1,  -1, ...,  -3,   0,  -2],
       [ -2,  -2,  -2, ...,   1,  -1,   1],
       ...,
       [-18,  -2,  -4, ...,   0,  -3,   1],
       [ -3,  -1,  -2, ...,   0,   1,  -2],
       [ -1,  -1,  -1, ...,  -2,   1,   0]]), array([[-1,  0, -1, ..., -1,  2,  0],
       [-1,  0, -1, ..., -2, -4, -1],
       [ 2, -2, -1, ...,  0, -3, -1],
       ...,
       [ 4,  5, -3, ..., -1,  0,  7],
       [ 2,  1, -3, ..., -2,  0,  0],
       [-2,  1, -1, ..., -2, -1, -2]]), array([[  1,  -2,   0, ...,  -1,   0,   1],
       [ -1,  -1,   0, ...,  -1,  -1,   2],
       [  1,   0,   0, ...,   1,   0,   1],
       ...,
       [-11,   2,  -2, ...,   5,  -7,  -2],
       [ -4,  -2,  -2, ...,   2,  -2,  -2],
       [ -2,  -1,   0, ...,   1,   0,  -1]]), array([[ -2,  -1,  -1, ...,   0,  -2,  -2],
       [ -1,  -2,   0, ...,   1,  -2,  -2],
       [ -3,  -2,   2, ...,   1,  -3,  -2],
       ...,
       [ 13, -12,   1, ...,  -3,  -1,   5],
       [  2,   1,  -2, ...,  -1,  -1,  -2],
       [ -1,   1,  -1, ...,   0,  -1,  -1]]), array([[-2, -2,  0, ..., -1, -2, -1],
       [ 0, -2,  1, ..., -1, -2,  0],
       [ 0, -4, -1, ...,  1,  1,  0],
       ...,
       [ 1,  0, -6, ..., -6,  1, -3],
       [ 0,  0, -3, ..., -4,  2, -1],
       [ 0, -1, -3, ...,  0, -2,  0]]), array([[ -2,  -3,   0, ...,   1,  -1,   2],
       [  0,   3,  -2, ...,   1,  -2,  -2],
       [ -3,   2,   0, ...,   0,  -1,  -3],
       ...,
       [  2, -12,   3, ...,  -7,   2,  -1],
       [  1,   0,  -2, ...,  -1,   0,  -1],
       [  1,  -2,   0, ...,  -1,   0,   0]]), array([[-3,  0, -1, ...,  0, -2, -2],
       [-4, -1, -1, ...,  0,  0, -4],
       [-3, -1, -3, ..., -2, -1,  2],
       ...,
       [-7,  0, -7, ..., 14, -5,  5],
       [ 1, -2, -3, ...,  1,  1, -2],
       [-1, -4, -3, ..., -1, -1, -1]]), array([[ 0,  0, -2, ...,  0,  0, -3],
       [ 0, -1, -3, ..., -1,  0, -1],
       [-2,  0, -4, ..., -2, -1,  1],
       ...,
       [ 9, -1,  2, ...,  1,  2, -9],
       [ 4, -3,  1, ...,  1, -1, -1],
       [ 1,  0,  0, ..., -1, -1, -2]]), array([[-4,  1, -2, ..., -3,  0, -1],
       [-1,  0,  0, ...,  0, -1, -2],
       [ 0, -1,  0, ..., -2, -3, -1],
       ...,
       [-5,  1,  0, ..., -8,  2, -8],
       [-2, -1,  1, ..., -3,  0, -2],
       [ 1, -1, -2, ..., -2,  0,  1]]), array([[ 1,  1, -2, ..., -2, -1,  1],
       [ 0, -1, -1, ..., -2,  0,  0],
       [ 0,  0, -3, ..., -2, -1,  2],
       ...,
       [ 0, -4,  3, ..., -1,  5, -2],
       [-2, -2,  1, ..., -1,  1, -2],
       [-1,  0, -1, ..., -3,  0, -2]]), array([[-3, -3, -3, ..., -1,  2, -1],
       [-1, -3,  1, ..., -1,  1, -1],
       [-3, -3,  0, ..., -3,  0, -1],
       ...,
       [ 3,  0,  4, ...,  1, -7,  9],
       [ 1,  2, -2, ...,  0, -4, -1],
       [-1, -1, -1, ..., -1, -2,  1]]), array([[ -1,  -1,   1, ...,   0,   0,   2],
       [  0,  -3,   0, ...,   1,   0,  -1],
       [ -2,  -2,   1, ...,  -1,   0,  -2],
       ...,
       [ -2,  -4,  -3, ..., -22,  18,  -6],
       [ -1,   2,  -3, ...,  -3,  -1,  -1],
       [  0,   0,  -1, ...,  -2,  -1,  -2]]), array([[-1, -1, -1, ..., -1, -2, -2],
       [ 0, -2,  1, ..., -3, -2, -2],
       [ 2, -3, -1, ..., -3,  0, -3],
       ...,
       [-9,  0, -2, ...,  3,  0, -3],
       [-3,  0,  1, ..., -2,  0, -3],
       [-3, -1, -3, ..., -2, -1,  0]]), array([[ 0, -2,  0, ..., -2,  1,  1],
       [-3, -1,  0, ...,  0,  2, -3],
       [-2, -1,  0, ..., -2, -1,  0],
       ...,
       [-2,  4, -1, ..., -4,  0, -3],
       [ 0, -3, -1, ..., -2,  1, -3],
       [ 0, -2,  1, ..., -1,  0,  0]]), array([[ 0, -1,  0, ..., -1, -3, -1],
       [-2, -2,  0, ...,  0,  1,  1],
       [ 0, -2,  2, ..., -1,  0, -2],
       ...,
       [-7,  0, 10, ...,  4, -5,  8],
       [-2, -1,  2, ...,  0, -2,  0],
       [-1,  1,  0, ...,  0,  0, -1]]), array([[  0,  -1,   0, ...,  -2,  -1,   0],
       [ -2,   0,   0, ...,  -3,   0,   0],
       [  1,  -1,   0, ...,  -3,  -2,  -3],
       ...,
       [ -1, -11, -10, ...,   6,  -6,   4],
       [ -1,   0,  -4, ...,   3,  -1,  -1],
       [ -1,  -2,   0, ...,   0,  -2,  -2]]), array([[ 0,  0,  0, ...,  1,  1,  0],
       [ 0, -2, -1, ..., -1,  1, -1],
       [-2, -1, -2, ...,  0,  0, -1],
       ...,
       [ 1, -5, -5, ..., -1, -6, -6],
       [ 1, -4, -1, ..., -1, -3,  0],
       [ 0, -2,  0, ..., -1, -2,  0]]), array([[-1, -2, -2, ..., -1,  1, -3],
       [-2, -1,  1, ..., -4, -1, -3],
       [ 0, -2, -2, ..., -2, -1, -2],
       ...,
       [-2, -3,  6, ..., -2,  0, -2],
       [-1, -1, -1, ..., -1,  0,  0],
       [ 0, -1, -1, ..., -1,  1,  0]]), array([[  0,  -1,   0, ...,   0,  -3,  -1],
       [ -1,  -2,   0, ...,   0,  -3,  -3],
       [ -2,  -3,   0, ...,  -1,  -2,  -2],
       ...,
       [-12,   5,  -5, ...,   1,  14,  -6],
       [ -1,   0,  -1, ...,   0,   2,  -2],
       [ -2,  -1,   0, ...,   1,  -1,  -1]]), array([[-1, -2, -1, ..., -1, -2,  0],
       [ 1,  1,  0, ...,  0, -3, -1],
       [ 1,  0, -1, ...,  0,  0, -2],
       ...,
       [-5, -2,  3, ..., -2,  1, -1],
       [-3, -2, -1, ..., -1, -2,  0],
       [ 0, -1, -2, ...,  1,  0, -1]]), array([[ -3,  -1,   1, ...,   0,   0,   0],
       [ -1,   0,   0, ...,   1,   2,   0],
       [ -1,   0,   1, ...,  -3,   4,  -3],
       ...,
       [ -1,   1,   0, ..., -14,  -5,  14],
       [ -2,   1,  -1, ...,   5,  -4,  -1],
       [ -1,   0,  -1, ...,   0,   0,  -2]]), array([[ -2,  -1,  -2, ...,  -3,  -3,   4],
       [  1,  -3,   0, ...,   0,  -5,   5],
       [ -1,  -2,  -2, ...,  -4, -15,  13],
       ...,
       [ -1,   4,  -4, ..., -10,   1,   5],
       [ -2,   1,  -1, ...,  -4, -24,  11],
       [  0,  -1,  -4, ..., -15,  -3,  22]]), array([[ -1,  -1,  -1, ...,   2,  -5,   6],
       [ -3,   0,   1, ...,  -2,   0,   1],
       [ -4,   0,  -2, ...,  16,  -8,  10],
       ...,
       [  4,  -1,   1, ..., -12,  85, -27],
       [  1,   0,   0, ...,   4,  22,  51],
       [  1,   0,  -1, ...,  -6,  -2,  14]]), array([[ -1,  -1,  -1, ...,  -3,   1,  -1],
       [  2,  -2,  -2, ...,  -1,   2,   0],
       [  0,  -1,  -2, ...,   8, -10,  -4],
       ...,
       [  1,  -2,   0, ...,  16, -10,   6],
       [ -2,  -3,   1, ...,  24, -22,  -1],
       [ -1,  -1,   0, ...,  14, -11, -16]]), array([[   1,    0,    0, ...,   -4,    7,   -9],
       [   0,   -3,    0, ...,   -9,    2,   -2],
       [   0,   -5,    0, ...,  -30,   13,   -7],
       ...,
       [  -6,   -8,    2, ...,   -5,   27, -128],
       [   0,   -1,    0, ...,  -10,   19,  -55],
       [   0,   -1,   -1, ...,  -21,   30,  -32]]), array([[  1,  -2,   0, ...,  10,  -1,  -2],
       [ -1,  -3,   1, ...,   1,   3,  -2],
       [  0,  -3,   0, ...,  11,   6, -13],
       ...,
       [  7,  -2,   0, ...,  21, -29,  41],
       [ -5,   1,  -1, ...,   1,  -3,  10],
       [  0,   0,  -1, ...,   0,  19,   1]]), array([[-3, -3,  2, ..., -4, -1, -1],
       [-2, -5,  2, ...,  0, -1, -1],
       [-3, -3,  2, ...,  1, -4, -4],
       ...,
       [ 0, -2,  0, ..., 29,  8,  2],
       [ 3, -2,  0, ..., 14,  0, 12],
       [ 0, -2, -2, ..., -6, 10,  0]]), array([[ -2,   1,  -4, ...,  -1,  -2,   0],
       [ -4,  -2,  -2, ...,   4,   0,  -3],
       [ -4,  -1,  -3, ...,   6,  -3,  -6],
       ...,
       [ 10, -15, -13, ...,  -5,  17, -15],
       [-18,   5, -23, ...,  -9,   2,  23],
       [ -5,   2, -11, ...,   2,  -6,   6]]), array([[ -6,   5,  -4, ...,  -1,   1,  -2],
       [ -8,  -1,  -1, ...,   0,   0,   0],
       [ -8,   3,  -9, ...,  -2,   0,   1],
       ...,
       [ 11, -47, -20, ...,  20,  16,  -4],
       [  9, -32, -19, ...,  -3,  14,  -4],
       [  7,  -8,  10, ...,  -7,  13,  -9]]), array([[ -2,  -7,  -4, ...,   1,  -1,  -8],
       [  0,  -3,  -6, ...,  -4,  -3,  -2],
       [  1, -15,  -6, ...,  -4,  -2,  -3],
       ...,
       [-16,  17, -51, ...,  52,   7,  50],
       [-21, -38,  47, ...,  12,  -3,   6],
       [ 17, -24, -28, ...,   4,  -9, -13]]), array([[  2,  -5, -10, ...,   0,  -2,  -2],
       [  1,   1,  -7, ...,  -4,  -2,   3],
       [ -1,  12, -27, ...,  -4,  -4,   4],
       ...,
       [-42, -54, -29, ..., -25, -42,  46],
       [  9, -18, -33, ...,  -5,  -4,  -2],
       [ 43, -10, -26, ...,  -2, -11,   4]]), array([[ -6,  -1,  -4, ...,   2,  -1,  -1],
       [ -8,   8,  -5, ...,   2,  -1,   1],
       [-10,  26, -31, ...,   8,   0,   0],
       ...,
       [-52,  -7,   4, ...,  11,   7,  11],
       [-14,  -5,  12, ...,   0,   3,   0],
       [  3,  -7,   2, ...,  -4,   2,   2]]), array([[  1,  -1,   1, ...,  -1,  -4,   1],
       [  5,   0,  -2, ...,  -4,  -5,   3],
       [  9, -11,  -2, ...,  -2,  -4,   3],
       ...,
       [ 28,   4, -54, ...,  -4, -30,  61],
       [ -3,   2,  -4, ...,  -3,  -9,   8],
       [  5,  -5,   0, ...,  -4,  -8,   2]]), array([[ -4,   2,   1, ...,   2,   0,  -1],
       [  3,   3,  -1, ...,   1,  -1,  -1],
       [ 18,  -4,   4, ...,   0,  -1,   1],
       ...,
       [-44,  30, -30, ...,   4,  14, -30],
       [  1,  10, -13, ..., -12,   2,  -5],
       [ -9,  -1,  15, ...,  -5,   3,   3]]), array([[ -4,  -3,   2, ...,   2,  -4,   5],
       [ -2,  -7,   2, ...,   1,  -2,   1],
       [ -9, -12,   5, ...,  -1,   0,   1],
       ...,
       [ 17,  17, -30, ..., -35, -14, -27],
       [  7,   0,   2, ...,   3,  -2,  -4],
       [  5,  -2,  -3, ...,   1,  11,  -2]]), array([[ -3,   1,  -2, ...,  -3,  -2,  -1],
       [ -1,  -3,  -6, ...,  -1,  -7,   0],
       [  0,  -5,   0, ...,   0,  -5,  -8],
       ...,
       [  6, -14,   7, ...,  -3, -36,  19],
       [  1,  -3,   3, ...,  -9, -13,   9],
       [ -2,   1,  -4, ...,  -7, -17,   2]]), array([[ -1,   0,  -3, ...,  -3,  -8,  -1],
       [  1,   1,  -1, ...,  -3,  -2,   0],
       [ -3,   1,   3, ...,  -2,  -3,  -7],
       ...,
       [-56, -16,  12, ..., -10,  -1,  -2],
       [ -6,  -2,   0, ...,  -2,  -7,   3],
       [  2,   2,  -3, ...,   0, -16,  -4]]), array([[ -1,  -4,   0, ...,  -3,  -5,  -3],
       [ -1,  -3,  -2, ...,  -1,  -2,  -1],
       [  1,  -2,  -3, ...,   1,  -6,   1],
       ...,
       [-19,  19,  13, ..., -40,   0,  25],
       [ -6,   3,   0, ...,  -8,  -6,  -2],
       [  3,  -2,  -2, ...,  -7,  -5,  -7]]), array([[ -1,   0,  -1, ...,  -1,   1,   0],
       [  0,  -2,   0, ...,  -1,   0,   1],
       [  0,   0,  -1, ...,  -3,   1,  -5],
       ...,
       [ -2,  30,  -9, ...,  34, -26,  -4],
       [ -1,   1,  -2, ...,   0, -10,  10],
       [ -9,  -4,  -6, ...,   4,   8,  -1]]), array([[  1,   0,   2, ...,  -5,  -4,   3],
       [  0,  -2,   3, ...,  -5,  -2,   1],
       [ -3,  -3,   3, ...,  -8,  -5,   7],
       ...,
       [ 45, -34,   4, ...,  11,  13,  35],
       [  2,  -4,  -3, ...,   1, -15,   0],
       [  4,   5,  -2, ...,  -6, -10,   6]]), array([[ -2,  -1,  -1, ...,  -1,  -2,  -1],
       [  0,  -2,   0, ...,  -2,   0,  -1],
       [ -1,  -3,   3, ...,  -1,  -5,   4],
       ...,
       [ 26, -15, -19, ...,   1,  -8, -12],
       [ -8,  -1,  -6, ...,  -5,   2,  -9],
       [  1,  -4,   6, ...,   1,  -1, -15]]), array([[ -3,   0,   1, ...,   1,  -1,  -1],
       [ -1,  -2,   1, ...,   3,  -2,  -2],
       [  2,  -3,   1, ...,   3,  -4,  -2],
       ...,
       [  0, -16,  10, ..., -10,   5,   9],
       [ -2,  -9,   8, ...,  -6,   0,   0],
       [ -5, -10,  -8, ...,   1,   5, -17]]), array([[  0,  -2,  -2, ...,  -1,   1,  -2],
       [ -2,   1,  -3, ...,  -2,   2,  -1],
       [  0,  -3,  -5, ...,   0,   0,  -2],
       ...,
       [ -5,   1, -23, ..., -16, -33,  44],
       [  1,  -5,  -4, ...,   8,  -5,   0],
       [ -4,  -1,   5, ...,   3,  -4,  -3]]), array([[  0,   2,   0, ...,   0,   0,   1],
       [  2,   3,  -2, ...,   0,  -3,   2],
       [  0,   0,  -1, ...,  -3,   0,   2],
       ...,
       [ 38,   9,   0, ...,  46,  -4, -14],
       [  7,   0,  -6, ...,   9,  10,  -5],
       [ -2,   7,  -2, ...,  -4,   1,  -6]]), array([[  1,  -1,  -2, ...,   2,  -1,  -4],
       [ -1,   0,   0, ...,  -2,  -3,  -1],
       [  3,   0,   0, ...,   2,  -4,   0],
       ...,
       [-38, -18,  -7, ...,  -7, -20,  17],
       [ -2,  -6,  -1, ...,  -5,  -1,  -1],
       [  1, -11,   2, ...,  -3,  -2,  -1]]), array([[  0,   2,   4, ...,   1,  -1,  -4],
       [  1,   0,  -1, ...,   0,   1,  -3],
       [  0,   2,  -2, ...,  -2,   0,  -5],
       ...,
       [-12,  19, -10, ...,   3,   3,   8],
       [  3,   0,  -5, ...,   3,  -3,   1],
       [ -7,   6,   8, ...,   3,   0,  -2]]), array([[ -1,  -3,   0, ...,  -3,  -3,  -1],
       [ -3,   0,  -4, ...,   0,  -2,   0],
       [ -2,   2,  -2, ...,  -2,   0,  -2],
       ...,
       [-13,  14, -14, ...,   4,   2,  -4],
       [ 11,  -6,  -5, ..., -15,   8,   0],
       [ -8,   3,  -7, ...,  -8,   5,  -7]]), array([[ -1,   0,  -1, ...,  -1,   1,  -3],
       [  0,  -2,  -1, ...,  -1,   1,  -1],
       [ -1,  -5,   4, ...,  -2,  -1,   1],
       ...,
       [ 30, -12, -15, ...,  11,  12,   0],
       [  6,   0,  -5, ..., -12,   4,  -2],
       [  7,  -5,  -8, ...,  -3,   1,  -2]]), array([[ -2,   1,   2, ...,  -1,  -1,  -1],
       [ -2,   0,  -1, ...,  -1,   1,   0],
       [ -2,   1,  -1, ...,  -1,   0,  -2],
       ...,
       [ -1, -13, -23, ..., -20, -12,  -4],
       [ 12,  -5,   1, ...,   2,  -4,  -3],
       [  5,  -1,   1, ...,   0,  -3,  -5]]), array([[  0,  -6,   2, ...,  -9,  -3,  -2],
       [  2,  -2,   2, ..., -10,   4,  -8],
       [  0,  -2,  -1, ...,  -8,  -1,  -4],
       ...,
       [ 18,   2,  -5, ...,  -6,  -1,  -8],
       [  2,  -9,  -4, ...,   0,  -4,  -3],
       [  3,  -8,  -1, ...,  -2,  -2,   1]]), array([[ -1,  -1,   4, ...,  -4,  -5,  -3],
       [ -1,  -2,   3, ...,   0,  -1,  -2],
       [ -3,  -1,   0, ...,  -5,   1,  -4],
       ...,
       [ -6, -10,  -8, ..., -36,  -8,   6],
       [  1,  -1,  -3, ...,   6,   9,  -8],
       [  1,  -2,   0, ...,   1,   1,  -3]])],